# Made in Blockbench 4.9.4
mtllib wrench.mtl

o handle
v 0.037625081167860785 0.43700716084370317 0.026987420616294222
v 0.03237441358234561 0.4379616710514378 -0.03528431775810603
v 0.03328884387929676 -0.00042541567609144515 0.020648016430463212
v 0.02803817629378158 0.0005290945316431817 -0.04162372194393704
v -0.029901558960481356 0.4385027886054784 -0.030024998825223803
v -0.024650891374966122 0.4375482783977438 0.03224673954917645
v -0.03423779624904538 0.0010702120856836972 -0.03636440301105476
v -0.02898712866353015 0.00011570187794907039 0.02590733536334544
vt 0.125 1
vt 0.25 1
vt 0.25 0.125
vt 0.125 0.125
vt 0.125 1
vt 0.25 1
vt 0.25 0.125
vt 0.125 0.125
vt 0.125 1
vt 0.25 1
vt 0.25 0.125
vt 0.125 0.125
vt 0.125 1
vt 0.25 1
vt 0.25 0.125
vt 0.125 0.125
vt 0.125 0.25
vt 0.25 0.25
vt 0.25 0.125
vt 0.125 0.125
vn -0.08401068136824354 0.015272163323754343 -0.9963478139904038
vn 0.9964155606852312 -0.008657880864649402 -0.08414910292611603
vn 0.08401068136824354 -0.015272163323754343 0.9963478139904038
vn -0.9964155606852312 0.008657880864649402 0.08414910292611603
vn -0.009911399516717838 -0.999845889188102 -0.014490066710470834
usemtl m_c7502f0d-5e61-55cd-b711-9435802f6f50
f 7/3/1 5/2/1 2/1/1
f 4/4/1 7/3/1 2/1/1
f 4/7/2 2/6/2 1/5/2
f 3/8/2 4/7/2 1/5/2
f 3/11/3 1/10/3 6/9/3
f 8/12/3 3/11/3 6/9/3
f 8/15/4 6/14/4 5/13/4
f 7/16/4 8/15/4 5/13/4
f 4/19/5 3/18/5 8/17/5
f 7/20/5 4/19/5 8/17/5
o handle
v 0.03024426275171277 0.9052846029336821 0.02089558982259354
v 0.02499359516619759 0.9062391131414167 -0.04137614855180671
v 0.026527487932943572 0.5303423944881438 0.01546181480616693
v 0.021276820347428393 0.5312969046958784 -0.04680992356823327
v -0.09955834991945633 0.9073213482494977 -0.0308575106860422
v -0.0943076823339411 0.9063668380417633 0.031414227688358
v -0.10327512473822548 0.5323791398039597 -0.036291285702468756
v -0.0980244571527103 0.531424629596225 0.025980452671931498
vt 0.75 1
vt 1 1
vt 1 0.25
vt 0.75 0.25
vt 0.875 1
vt 1 1
vt 1 0.25
vt 0.875 0.25
vt 1 1
vt 0.75 1
vt 0.75 0.25
vt 1 0.25
vt 1 1
vt 0.875 1
vt 0.875 0.25
vt 1 0.25
vt 0.3125 0.5
vt 0.3125 0.5625
vt 0.4375 0.5625
vt 0.4375 0.5
vt 0 1
vt 0.0625 1
vt 0.0625 0.9375
vt 0 0.9375
vn -0.08401068136824354 0.015272163323754343 -0.9963478139904038
vn 0.9964155606852312 -0.008657880864649402 -0.08414910292611603
vn 0.08401068136824354 -0.015272163323754343 0.9963478139904038
vn -0.9964155606852312 0.008657880864649402 0.08414910292611603
vn 0.009911399516717838 0.999845889188102 0.014490066710470834
vn -0.009911399516717838 -0.999845889188102 -0.014490066710470834
usemtl m_c7502f0d-5e61-55cd-b711-9435802f6f50
f 15/23/6 13/22/6 10/21/6
f 12/24/6 15/23/6 10/21/6
f 12/27/7 10/26/7 9/25/7
f 11/28/7 12/27/7 9/25/7
f 11/31/8 9/30/8 14/29/8
f 16/32/8 11/31/8 14/29/8
f 16/35/9 14/34/9 13/33/9
f 15/36/9 16/35/9 13/33/9
f 9/39/10 10/38/10 13/37/10
f 14/40/10 9/39/10 13/37/10
f 12/43/11 11/42/11 16/41/11
f 15/44/11 12/43/11 16/41/11
o axle
v 0.08579407910162351 0.7493887091660822 0.005536233579173655
v 0.08054341151610833 0.7503432193738169 -0.05673550479522654
v 0.08145784181305948 0.31195613264628763 -0.0008031706066572997
v 0.0762071742275443 0.31291064285402237 -0.06307490898105755
v 0.018267438973281314 0.7508843369278575 -0.051476185862344315
v 0.023518106558796603 0.7499298267201229 0.010795552512055884
v 0.013931201684717287 0.3134517604080629 -0.05781559004817527
v 0.019181869270232577 0.31249725020032826 0.004456148326224985
vt 0 1
vt 0.125 1
vt 0.125 0.125
vt 0 0.125
vt 0 0.875
vt 0.125 0.875
vt 0.125 0
vt 0 0
vt 0 1
vt 0.125 1
vt 0.125 0.125
vt 0 0.125
vt 0 0.875
vt 0.125 0.875
vt 0.125 0
vt 0 0
vt 0 1
vt 0.0625 1
vt 0.0625 0.9375
vt 0 0.9375
vt 0 1
vt 0.0625 1
vt 0.0625 0.9375
vt 0 0.9375
vn -0.08401068136824354 0.015272163323754343 -0.9963478139904038
vn 0.9964155606852312 -0.008657880864649402 -0.08414910292611603
vn 0.08401068136824354 -0.015272163323754343 0.9963478139904038
vn -0.9964155606852312 0.008657880864649402 0.08414910292611603
vn 0.009911399516717838 0.999845889188102 0.014490066710470834
vn -0.009911399516717838 -0.999845889188102 -0.014490066710470834
usemtl m_c7502f0d-5e61-55cd-b711-9435802f6f50
f 23/47/12 21/46/12 18/45/12
f 20/48/12 23/47/12 18/45/12
f 20/51/13 18/50/13 17/49/13
f 19/52/13 20/51/13 17/49/13
f 19/55/14 17/54/14 22/53/14
f 24/56/14 19/55/14 22/53/14
f 24/59/15 22/58/15 21/57/15
f 23/60/15 24/59/15 21/57/15
f 17/63/16 18/62/16 21/61/16
f 22/64/16 17/63/16 21/61/16
f 20/67/17 19/66/17 24/65/17
f 23/68/17 20/67/17 24/65/17
o top thing
v 0.19991911640727722 0.9341996579964547 0.05251769609421253
v 0.18941778123624675 0.9361086784119239 -0.07202578065458792
v 0.1992996539374824 0.8717092899221983 0.05161206692480813
v 0.18879831876645192 0.8736183103376676 -0.07293140982399238
v -0.05968610893506099 0.9382731486280864 -0.0509885049230589
v -0.04918477376403052 0.9363641282126172 0.07355497182574156
v -0.06030557140485582 0.8757827805538301 -0.05189413409246335
v -0.04980423623382535 0.8738737601383608 0.07264934265633705
vt 0.25 0.5
vt 0.75 0.5
vt 0.75 0.375
vt 0.25 0.375
vt 0.25 1
vt 0.5 1
vt 0.5 0.875
vt 0.25 0.875
vt 0.75 0.5
vt 0.25 0.5
vt 0.25 0.375
vt 0.75 0.375
vt 0.5 0.5
vt 0.25 0.5
vt 0.25 0.625
vt 0.5 0.625
vt 0.25 0.5
vt 0.25 1
vt 0.5 1
vt 0.5 0.5
vt 0.5 0.5
vt 0.5 1
vt 0.75 1
vt 0.75 0.5
vn -0.08401068136824354 0.015272163323754343 -0.9963478139904038
vn 0.9964155606852312 -0.008657880864649402 -0.08414910292611603
vn 0.08401068136824354 -0.015272163323754343 0.9963478139904038
vn -0.9964155606852312 0.008657880864649402 0.08414910292611603
vn 0.009911399516717838 0.999845889188102 0.014490066710470834
vn -0.009911399516717838 -0.999845889188102 -0.014490066710470834
usemtl m_c7502f0d-5e61-55cd-b711-9435802f6f50
f 31/71/18 29/70/18 26/69/18
f 28/72/18 31/71/18 26/69/18
f 28/75/19 26/74/19 25/73/19
f 27/76/19 28/75/19 25/73/19
f 27/79/20 25/78/20 30/77/20
f 32/80/20 27/79/20 30/77/20
f 32/83/21 30/82/21 29/81/21
f 31/84/21 32/83/21 29/81/21
f 25/87/22 26/86/22 29/85/22
f 30/88/22 25/87/22 29/85/22
f 28/91/23 27/90/23 32/89/23
f 31/92/23 28/91/23 32/89/23
o bottom thing
v 0.19868019146768756 0.809218921847942 0.05070643775540362
v 0.1881788562966571 0.8111279422634112 -0.07383703899339678
v 0.19806072899789262 0.7467285537736856 0.04980080858599922
v 0.18755939382686226 0.7486375741891549 -0.07474266816280117
v 0.0013509386681762603 0.8127512949255329 -0.058059082194750034
v 0.011852273839206728 0.8108422745100636 0.06648439455405042
v 0.0007314761983814311 0.7502609268512765 -0.05896471136415443
v 0.011232811369411788 0.7483519064358073 0.06557876538464602
vt 0.25 0.375
vt 0.625 0.375
vt 0.625 0.5
vt 0.25 0.5
vt 0.5 0.875
vt 0.25 0.875
vt 0.25 1
vt 0.5 1
vt 0.625 0.375
vt 0.25 0.375
vt 0.25 0.5
vt 0.625 0.5
vt 0.25 0.625
vt 0.5 0.625
vt 0.5 0.5
vt 0.25 0.5
vt 0.5 0.625
vt 0.5 1
vt 0.75 1
vt 0.75 0.625
vt 0.25 0.625
vt 0.25 1
vt 0.5 1
vt 0.5 0.625
vn -0.08401068136824354 0.015272163323754343 -0.9963478139904038
vn 0.9964155606852312 -0.008657880864649402 -0.08414910292611603
vn 0.08401068136824354 -0.015272163323754343 0.9963478139904038
vn -0.9964155606852312 0.008657880864649402 0.08414910292611603
vn 0.009911399516717838 0.999845889188102 0.014490066710470834
vn -0.009911399516717838 -0.999845889188102 -0.014490066710470834
usemtl m_c7502f0d-5e61-55cd-b711-9435802f6f50
f 39/95/24 37/94/24 34/93/24
f 36/96/24 39/95/24 34/93/24
f 36/99/25 34/98/25 33/97/25
f 35/100/25 36/99/25 33/97/25
f 35/103/26 33/102/26 38/101/26
f 40/104/26 35/103/26 38/101/26
f 40/107/27 38/106/27 37/105/27
f 39/108/27 40/107/27 37/105/27
f 33/111/28 34/110/28 37/109/28
f 38/112/28 33/111/28 37/109/28
f 36/115/29 35/114/29 40/113/29
f 39/116/29 36/115/29 40/113/29
o gear case top
v 0.15369810420588326 0.5608071890680959 0.053097433529556204
v 0.1431967690348528 0.5627162094835652 -0.07144604321924425
v 0.15307864173608832 0.49831682099383945 0.052191804360151806
v 0.14257730656505796 0.5002258414093088 -0.07235167238864865
v -0.10590712113645495 0.5648806796997274 -0.05040876748771522
v -0.0954057859654246 0.5629716592842582 0.07413470926108523
v -0.10652658360624984 0.5023903116254711 -0.051314396657119676
v -0.09602524843521942 0.5004812912100016 0.07322908009168083
vt 0.25 0.375
vt 0.75 0.375
vt 0.75 0.25
vt 0.25 0.25
vt 0.25 0.125
vt 0.25 0.375
vt 0.375 0.375
vt 0.375 0.125
vt 0.75 0.375
vt 0.25 0.375
vt 0.25 0.25
vt 0.75 0.25
vt 0.25 0.125
vt 0.25 0.375
vt 0.375 0.375
vt 0.375 0.125
vt 0.75 0.125
vt 0.25 0.125
vt 0.25 0.375
vt 0.75 0.375
vt 0.75 0.1875
vt 0.25 0.1875
vt 0.25 0.375
vt 0.75 0.375
vn -0.08401068136824354 0.015272163323754343 -0.9963478139904038
vn 0.9964155606852312 -0.008657880864649402 -0.08414910292611603
vn 0.08401068136824354 -0.015272163323754343 0.9963478139904038
vn -0.9964155606852312 0.008657880864649402 0.08414910292611603
vn 0.009911399516717838 0.999845889188102 0.014490066710470834
vn -0.009911399516717838 -0.999845889188102 -0.014490066710470834
usemtl m_c7502f0d-5e61-55cd-b711-9435802f6f50
f 47/119/30 45/118/30 42/117/30
f 44/120/30 47/119/30 42/117/30
f 44/123/31 42/122/31 41/121/31
f 43/124/31 44/123/31 41/121/31
f 43/127/32 41/126/32 46/125/32
f 48/128/32 43/127/32 46/125/32
f 48/131/33 46/130/33 45/129/33
f 47/132/33 48/131/33 45/129/33
f 41/135/34 42/134/34 45/133/34
f 46/136/34 41/135/34 45/133/34
f 44/139/35 43/138/35 48/137/35
f 47/140/35 44/139/35 48/137/35
o gear case
v 0.09629879024916266 0.4360428999411994 0.05338990276390021
v 0.0857974550781323 0.43795192035666863 -0.07115357398490019
v 0.09567932777936783 0.37355253186694304 0.05248427359449581
v 0.08517799260833736 0.3754615522824123 -0.07205920315430459
v -0.038754490007521625 0.4390341554647498 -0.060634936119135674
v -0.028253154836491157 0.4371251350492804 0.06390854062966478
v -0.039373952477316454 0.3765437873904933 -0.06154056528854013
v -0.02887261730628604 0.37463476697502407 0.06300291146026038
vt 0.75 0.25
vt 1 0.25
vt 1 0.125
vt 0.75 0.125
vt 0.75 0.25
vt 1 0.25
vt 1 0.125
vt 0.75 0.125
vt 0.75 0.25
vt 1 0.25
vt 1 0.125
vt 0.75 0.125
vt 0.75 0.25
vt 1 0.25
vt 1 0.125
vt 0.75 0.125
vt 0.75 0.25
vt 1 0.25
vt 1 0
vt 0.75 0
vt 0.75 0.25
vt 1 0.25
vt 1 0
vt 0.75 0
vn -0.08401068136824354 0.015272163323754343 -0.9963478139904038
vn 0.9964155606852312 -0.008657880864649402 -0.08414910292611603
vn 0.08401068136824354 -0.015272163323754343 0.9963478139904038
vn -0.9964155606852312 0.008657880864649402 0.08414910292611603
vn 0.009911399516717838 0.999845889188102 0.014490066710470834
vn -0.009911399516717838 -0.999845889188102 -0.014490066710470834
usemtl m_c7502f0d-5e61-55cd-b711-9435802f6f50
f 55/143/36 53/142/36 50/141/36
f 52/144/36 55/143/36 50/141/36
f 52/147/37 50/146/37 49/145/37
f 51/148/37 52/147/37 49/145/37
f 51/151/38 49/150/38 54/149/38
f 56/152/38 51/151/38 54/149/38
f 56/155/39 54/154/39 53/153/39
f 55/156/39 56/155/39 53/153/39
f 49/159/40 50/158/40 53/157/40
f 54/160/40 49/159/40 53/157/40
f 52/163/41 51/162/41 56/161/41
f 55/164/41 52/163/41 56/161/41